simple_rnn/simple_rnn_cell/kernel:0
(5, 3)
[[-1.4369771  -1.2696656   0.08813352]
 [ 0.02198679  0.20862034 -0.930386  ]
 [ 1.4449451  -0.03188058 -0.3612333 ]
 [ 0.06711872 -0.95624954  0.18108043]
 [ 0.62075806  0.37962338  0.88370997]]
simple_rnn/simple_rnn_cell/recurrent_kernel:0
(3, 3)
[[ 0.9311585  -1.301995    0.8158064 ]
 [ 0.34457287 -0.04326053 -0.9382812 ]
 [-0.35749146  0.36005202  0.5800001 ]]
simple_rnn/simple_rnn_cell/bias:0
(3,)
[-0.10551526  0.64625305 -0.17801334]
dense/kernel:0
(3, 5)
[[ 1.1714631  -1.0227418  -0.9196373   1.5859231   0.6901153 ]
 [-0.25982812 -1.6142716   0.5395888   0.74996614 -1.4701043 ]
 [ 1.4518925   0.668138   -1.0283264  -1.0196669  -0.33974335]]
dense/bias:0
(5,)
[ 0.07654998  0.06950577 -0.17611568 -0.6015545   0.29525807]
